NX=0
NY=0
DX=0
DY=0
X0=0.0
Y0=0.0
v=15.281428571428574 25.0 0.0
v=20.567142857142862 25.0 0.0
v=59.85285714285715 25.0 0.0
v=65.13857142857142 25.0 0.0
v=15.281428571428574 25.0 29.0
v=20.567142857142862 25.0 29.0
v=59.85285714285715 25.0 29.0
v=65.13857142857142 25.0 29.0
v=10.0 30.0 0.0
v=9.995714285714287 30.0 29.0
v=15.281428571428574 30.0 39.0
v=20.567142857142862 30.0 39.0
v=59.85285714285715 30.0 39.0
v=65.13857142857142 30.0 39.0
v=70.42428571428572 30.0 29.0
v=70.41999999999999 30.0 0.0
v=10.0 40.0 0.0
v=9.995714285714287 40.0 29.0
v=15.281428571428574 40.0 39.0
v=20.567142857142862 40.0 56.0
v=59.85285714285715 40.0 56.0
v=65.13857142857142 40.0 39.0
v=70.42428571428572 40.0 29.0
v=70.41999999999999 40.0 0.0
v=10.0 145.0 0.0
v=10.0 145.0 29.0
v=15.281428571428574 145.0 39.0
v=20.567142857142862 145.0 56.0
v=59.85285714285715 145.0 56.0
v=65.13857142857142 145.0 39.0
v=70.42428571428572 145.0 29.0
v=70.41999999999999 145.0 0.0
v=10.0 155.0 0.0
v=9.995714285714287 155.0 29.0
v=15.281428571428574 155.0 39.0
v=20.567142857142862 155.0 39.0
v=59.85285714285715 155.0 39.0
v=65.13857142857142 155.0 39.0
v=70.42428571428572 155.0 29.0
v=70.41999999999999 155.0 0.0
v=10.0 165.0 0.0
v=9.995714285714287 165.0 29.0
v=15.281428571428574 165.0 39.0
v=20.567142857142862 165.0 39.0
v=59.85285714285715 165.0 39.0
v=65.13857142857142 165.0 39.0
v=70.42428571428572 165.0 29.0
v=70.41999999999999 165.0 0.0
v=15.281428571428574 175.0 29.0
v=20.567142857142862 175.0 29.0
v=59.85285714285715 175.0 29.0
v=65.13857142857142 175.0 29.0
v=15.281428571428574 175.0 0.0
v=20.567142857142862 175.0 0.0
v=59.85285714285715 175.0 0.0
v=65.13857142857142 175.0 0.0
f=[2]8 9 17 16
f=[2]16 17 25 24
f=[2]24 25 33 32
f=[2]32 33 41 40
f=[2]9 10 18 17
f=[2]17 18 26 25
f=[2]25 26 34 33
f=[2]33 34 42 41
f=[0]0 1 5 4
f=[0]4 5 11 10
f=[2]18 19 27 26
f=[1]34 35 43 42
f=[4]42 43 49 48
f=[4]48 49 53 52
f=[0]1 2 6 5
f=[0]5 6 12 11
f=[0]11 12 20 19
f=[1]19 20 28 27
f=[4]27 28 36 35
f=[1]35 36 44 43
f=[4]43 44 50 49
f=[4]49 50 54 53
f=[0]2 3 7 6
f=[0]6 7 13 12
f=[3]20 21 29 28
f=[1]36 37 45 44
f=[4]44 45 51 50
f=[4]50 51 55 54
f=[3]13 14 22 21
f=[3]21 22 30 29
f=[3]29 30 38 37
f=[3]37 38 46 45
f=[3]14 15 23 22
f=[3]22 23 31 30
f=[3]30 31 39 38
f=[3]38 39 47 46
f=[3]45 46 51
f=[0]13 7 14
f=[0]9 4 10
f=[2]41 42 48
f=[0]7 3 15 14
f=[0]8 0 4 9
f=[3]51 46 47 55
f=[2]40 41 48 52
f=[3]29 37 28
f=[4]28 37 36
f=[4]27 35 34
f=[2]27 34 26
f=[2]19 18 10
f=[0]19 10 11
f=[0]20 12 13
f=[3]20 13 21
f=[2]1 0 8 16 24 32 40 52 53 54 55 47 39 31 23 15 3 2