NX=0
NY=0
DX=0
DY=0
X0=0.0
Y0=0.0
v=-18.0 0.0 53.0
v=0.0 0.0 53.0
v=-18.0 16.0 48.0
v=0.0 16.0 48.0
v=-18.0 25.0 35.0
v=0.0 25.0 35.0
v=-18.0 25.0 18.0
v=0.0 25.0 18.0
v=-18.0 16.0 5.0
v=0.0 16.0 5.0
v=-18.0 0.0 0.0
v=0.0 0.0 0.0
v=-18.0 -16.0 5.0
v=0.0 -16.0 5.0
v=-18.0 -25.0 18.0
v=0.0 -25.0 18.0
v=-18.0 -25.0 35.0
v=0.0 -25.0 35.0
v=-18.0 -16.0 48.0
v=0.0 -16.0 48.0
v=20.0 0.0 53.0
v=38.0 0.0 53.0
v=20.0 16.0 48.0
v=38.0 16.0 48.0
v=20.0 25.0 35.0
v=38.0 25.0 35.0
v=20.0 25.0 18.0
v=38.0 25.0 18.0
v=20.0 16.0 5.0
v=38.0 16.0 5.0
v=20.0 0.0 0.0
v=38.0 0.0 0.0
v=20.0 -16.0 5.0
v=38.0 -16.0 5.0
v=20.0 -25.0 18.0
v=38.0 -25.0 18.0
v=20.0 -25.0 35.0
v=38.0 -25.0 35.0
v=20.0 -16.0 48.0
v=38.0 -16.0 48.0
v=-18.0 78.0 40.0
v=0.0 78.0 40.0
v=-18.0 89.0 36.0
v=0.0 89.0 36.0
v=-18.0 97.0 26.0
v=0.0 97.0 26.0
v=-18.0 97.0 14.0
v=0.0 97.0 14.0
v=-18.0 89.0 4.0
v=0.0 89.0 4.0
v=-18.0 78.0 0.0
v=0.0 78.0 0.0
v=-18.0 66.0 4.0
v=0.0 66.0 4.0
v=-18.0 58.0 14.0
v=0.0 58.0 14.0
v=-18.0 58.0 26.0
v=0.0 58.0 26.0
v=-18.0 66.0 36.0
v=0.0 66.0 36.0
v=20.0 78.0 40.0
v=38.0 78.0 40.0
v=20.0 89.0 36.0
v=38.0 89.0 36.0
v=20.0 97.0 26.0
v=38.0 97.0 26.0
v=20.0 97.0 14.0
v=38.0 97.0 14.0
v=20.0 89.0 4.0
v=38.0 89.0 4.0
v=20.0 78.0 0.0
v=38.0 78.0 0.0
v=20.0 66.0 4.0
v=38.0 66.0 4.0
v=20.0 58.0 14.0
v=38.0 58.0 14.0
v=20.0 58.0 26.0
v=38.0 58.0 26.0
v=20.0 66.0 36.0
v=38.0 66.0 36.0
v=0.0 0.0 27.0
v=5.0 0.0 27.0
v=10.0 0.0 27.0
v=15.0 0.0 27.0
v=20.0 0.0 27.0
v=0.0 0.0 36.0
v=5.0 0.0 36.0
v=10.0 0.0 36.0
v=15.0 0.0 36.0
v=20.0 0.0 36.0
v=0.0 19.0 36.0
v=5.0 19.0 36.0
v=10.0 19.0 36.0
v=15.0 19.0 36.0
v=20.0 19.0 36.0
v=0.0 19.0 27.0
v=5.0 19.0 27.0
v=10.0 19.0 27.0
v=15.0 19.0 27.0
v=20.0 19.0 27.0
v=0.0 39.0 36.0
v=5.0 39.0 36.0
v=10.0 39.0 36.0
v=15.0 39.0 36.0
v=20.0 39.0 36.0
v=0.0 39.0 27.0
v=5.0 39.0 27.0
v=10.0 39.0 27.0
v=15.0 39.0 27.0
v=20.0 39.0 27.0
v=0.0 58.0 36.0
v=5.0 58.0 36.0
v=10.0 58.0 36.0
v=15.0 58.0 36.0
v=20.0 58.0 36.0
v=0.0 58.0 27.0
v=5.0 58.0 27.0
v=10.0 58.0 27.0
v=15.0 58.0 27.0
v=20.0 58.0 27.0
v=0.0 78.0 36.0
v=5.0 78.0 36.0
v=10.0 78.0 36.0
v=15.0 78.0 36.0
v=20.0 78.0 36.0
v=0.0 78.0 27.0
v=5.0 78.0 27.0
v=10.0 78.0 27.0
v=15.0 78.0 27.0
v=20.0 78.0 27.0
v=2.0 40.0 36.0
v=6.0 40.0 36.0
v=10.0 40.0 36.0
v=14.0 40.0 36.0
v=19.0 40.0 36.0
v=2.0 40.0 60.0
v=6.0 40.0 60.0
v=10.0 40.0 60.0
v=14.0 40.0 60.0
v=19.0 40.0 60.0
v=2.0 53.0 36.0
v=6.0 53.0 36.0
v=10.0 53.0 36.0
v=14.0 53.0 36.0
v=19.0 53.0 36.0
v=2.0 53.0 60.0
v=6.0 53.0 60.0
v=10.0 53.0 60.0
v=14.0 53.0 60.0
v=19.0 53.0 60.0
v=2.0 65.0 36.0
v=6.0 65.0 36.0
v=10.0 65.0 36.0
v=14.0 65.0 36.0
v=19.0 65.0 36.0
v=2.0 65.0 60.0
v=6.0 65.0 60.0
v=10.0 65.0 60.0
v=14.0 65.0 60.0
v=19.0 65.0 60.0
v=2.0 78.0 36.0
v=6.0 78.0 36.0
v=10.0 78.0 36.0
v=14.0 78.0 36.0
v=19.0 78.0 36.0
v=2.0 78.0 60.0
v=6.0 78.0 60.0
v=10.0 78.0 60.0
v=14.0 78.0 60.0
v=19.0 78.0 60.0
v=2.0 90.0 36.0
v=6.0 90.0 36.0
v=10.0 90.0 36.0
v=14.0 90.0 36.0
v=19.0 90.0 36.0
v=2.0 90.0 60.0
v=6.0 90.0 60.0
v=10.0 90.0 60.0
v=14.0 90.0 60.0
v=19.0 90.0 60.0
v=0.0 57.0 20.0
v=20.0 57.0 20.0
v=0.0 57.0 27.0
v=20.0 57.0 27.0
v=0.0 98.0 20.0
v=20.0 98.0 20.0
v=0.0 98.0 27.0
v=20.0 98.0 27.0
v=-20.0 -27.0 55.0
v=-5.0 -27.0 55.0
v=10.0 -27.0 55.0
v=25.0 -27.0 55.0
v=40.0 -27.0 55.0
v=-20.0 -27.0 58.0
v=-5.0 -27.0 58.0
v=10.0 -27.0 58.0
v=25.0 -27.0 58.0
v=40.0 -27.0 58.0
v=-20.0 -10.0 58.0
v=-5.0 -10.0 58.0
v=10.0 -10.0 58.0
v=25.0 -10.0 58.0
v=40.0 -10.0 58.0
v=-20.0 -10.0 60.0
v=-5.0 -10.0 60.0
v=10.0 -10.0 60.0
v=25.0 -10.0 60.0
v=40.0 -10.0 60.0
v=-20.0 10.0 58.0
v=-5.0 10.0 58.0
v=10.0 10.0 58.0
v=25.0 10.0 58.0
v=40.0 10.0 58.0
v=-20.0 10.0 60.0
v=-5.0 10.0 60.0
v=25.0 10.0 60.0
v=40.0 10.0 60.0
v=-20.0 27.0 36.0
v=-5.0 27.0 36.0
v=10.0 27.0 36.0
v=25.0 27.0 36.0
v=40.0 27.0 36.0
v=-20.0 27.0 42.0
v=-5.0 27.0 42.0
v=25.0 27.0 42.0
v=40.0 27.0 42.0
v=-20.0 40.0 36.0
v=-5.0 40.0 36.0
v=10.0 40.0 36.0
v=25.0 40.0 36.0
v=40.0 40.0 36.0
v=-20.0 40.0 42.0
v=-5.0 40.0 42.0
v=10.0 40.0 42.0
v=25.0 40.0 42.0
v=40.0 40.0 42.0
v=0.0 -2.0 84.0
v=10.0 -2.0 84.0
v=20.0 -2.0 84.0
v=0.0 12.0 84.0
v=10.0 12.0 84.0
v=20.0 12.0 84.0
v=0.0 26.0 84.0
v=10.0 26.0 84.0
v=20.0 26.0 84.0
v=0.0 40.0 84.0
v=10.0 40.0 84.0
v=20.0 40.0 84.0
f=[2]0 2 4 6 8 10 12 14 16 18
f=[3]19 17 15 13 11 9 7 5 3 1
f=0 1 3 2
f=2 3 5 4
f=4 5 7 6
f=6 7 9 8
f=8 9 11 10
f=10 11 13 12
f=12 13 15 14
f=14 15 17 16
f=16 17 19 18
f=18 19 1 0
f=[2]20 22 24 26 28 30 32 34 36 38
f=[3]39 37 35 33 31 29 27 25 23 21
f=20 21 23 22
f=22 23 25 24
f=24 25 27 26
f=26 27 29 28
f=28 29 31 30
f=30 31 33 32
f=32 33 35 34
f=34 35 37 36
f=36 37 39 38
f=38 39 21 20
f=[2]40 42 44 46 48 50 52 54 56 58
f=[3]59 57 55 53 51 49 47 45 43 41
f=40 41 43 42
f=42 43 45 44
f=44 45 47 46
f=46 47 49 48
f=48 49 51 50
f=50 51 53 52
f=52 53 55 54
f=54 55 57 56
f=56 57 59 58
f=58 59 41 40
f=[2]60 62 64 66 68 70 72 74 76 78
f=[3]79 77 75 73 71 69 67 65 63 61
f=60 61 63 62
f=62 63 65 64
f=64 65 67 66
f=66 67 69 68
f=68 69 71 70
f=70 71 73 72
f=72 73 75 74
f=74 75 77 76
f=76 77 79 78
f=78 79 61 60
f=[2]80 85 90 95
f=[0]80 81 86 85
f=[1]85 86 91 90
f=[5]80 95 96 81
f=[2]95 90 100 105
f=[1]90 91 101 100
f=[5]95 105 106 96
f=[2]105 100 110 115
f=[1]100 101 111 110
f=[5]105 115 116 106
f=[2]115 110 120 125
f=[1]110 111 121 120
f=[5]115 125 126 116
f=[4]125 120 121 126
f=[0]81 82 87 86
f=[1]86 87 92 91
f=[5]81 96 97 82
f=[1]91 92 102 101
f=[5]96 106 107 97
f=[1]101 102 112 111
f=[5]106 116 117 107
f=[1]111 112 122 121
f=[5]116 126 127 117
f=[4]126 121 122 127
f=[0]82 83 88 87
f=[1]87 88 93 92
f=[5]82 97 98 83
f=[1]92 93 103 102
f=[5]97 107 108 98
f=[1]102 103 113 112
f=[5]107 117 118 108
f=[1]112 113 123 122
f=[5]117 127 128 118
f=[4]127 122 123 128
f=[0]83 84 89 88
f=[1]88 89 94 93
f=[5]83 98 99 84
f=[3]84 99 94 89
f=[1]93 94 104 103
f=[5]98 108 109 99
f=[3]99 109 104 94
f=[1]103 104 114 113
f=[5]108 118 119 109
f=[3]109 119 114 104
f=[1]113 114 124 123
f=[5]118 128 129 119
f=[4]128 123 124 129
f=[3]119 129 124 114
f=[2]130 135 145 140
f=[0]130 131 136 135
f=[1]135 136 146 145
f=[5]130 140 141 131
f=[2]140 145 155 150
f=[1]145 146 156 155
f=[5]140 150 151 141
f=[2]150 155 165 160
f=[1]155 156 166 165
f=[5]150 160 161 151
f=[2]160 165 175 170
f=[1]165 166 176 175
f=[5]160 170 171 161
f=[4]170 175 176 171
f=[0]131 132 137 136
f=[1]136 137 147 146
f=[5]131 141 142 132
f=[1]146 147 157 156
f=[5]141 151 152 142
f=[1]156 157 167 166
f=[5]151 161 162 152
f=[1]166 167 177 176
f=[5]161 171 172 162
f=[4]171 176 177 172
f=[0]132 133 138 137
f=[1]137 138 148 147
f=[5]132 142 143 133
f=[1]147 148 158 157
f=[5]142 152 153 143
f=[1]157 158 168 167
f=[5]152 162 163 153
f=[1]167 168 178 177
f=[5]162 172 173 163
f=[4]172 177 178 173
f=[0]133 134 139 138
f=[1]138 139 149 148
f=[5]133 143 144 134
f=[3]134 144 149 139
f=[1]148 149 159 158
f=[5]143 153 154 144
f=[3]144 154 159 149
f=[1]158 159 169 168
f=[5]153 163 164 154
f=[3]154 164 169 159
f=[1]168 169 179 178
f=[5]163 173 174 164
f=[4]173 178 179 174
f=[3]164 174 179 169
f=[2]180 182 186 184
f=[0]180 181 183 182
f=[1]182 183 187 186
f=[5]180 184 185 181
f=[4]184 186 187 185
f=[3]181 185 187 183
f=[2]188 193 203 198
f=[0]188 189 194 193
f=[1]193 194 204 203
f=[5]188 198 199 189
f=[2]198 203 213 208
f=[1]203 204 214 213
f=[5]198 208 209 199
f=[2]208 213 222 217
f=[1]213 214 223 222
f=[5]208 217 218 209
f=[2]217 222 231 226
f=[1]222 223 232 231
f=[5]217 226 227 218
f=[4]226 231 232 227
f=[0]189 190 195 194
f=[1]194 195 205 204
f=[5]189 199 200 190
f=[5]199 209 210 200
f=[5]209 218 219 210
f=[5]218 227 228 219
f=[4]227 232 233 228
f=[0]190 191 196 195
f=[1]195 196 206 205
f=[5]190 200 201 191
f=[5]200 210 211 201
f=[5]210 219 220 211
f=[5]219 228 229 220
f=[4]228 233 234 229
f=[0]191 192 197 196
f=[1]196 197 207 206
f=[5]191 201 202 192
f=[3]192 202 207 197
f=[1]206 207 216 215
f=[5]201 211 212 202
f=[3]202 212 216 207
f=[1]215 216 225 224
f=[5]211 220 221 212
f=[3]212 221 225 216
f=[1]224 225 235 234
f=[5]220 229 230 221
f=[4]229 234 235 230
f=[3]221 230 235 225
f=[2]204 236 239 214
f=[0]204 205 237 236
f=[1]236 237 240 239
f=[2]214 239 242 223
f=[1]239 240 243 242
f=[2]223 242 245 232
f=[1]242 243 246 245
f=[4]232 245 246 233
f=[0]205 206 238 237
f=[1]237 238 241 240
f=[3]206 215 241 238
f=[1]240 241 244 243
f=[3]215 224 244 241
f=[1]243 244 247 246
f=[4]233 246 247 234
f=[3]224 234 247 244