NX=0
NY=0
DX=0
DY=0
X0=0.0
Y0=0.0
v=2.0,0.0,0.0
v=1.0,1.0,0.0
v=1.0,2.0,0.0
v=-1.0,2.0,0.0
v=-1.0,1.0,0.0
v=-2.0,0.0,0.0
v=-1.0,-1.0,0.0
v=-1.0,-2.0,0.0
v=1.0,-2.0,0.0
v=1.0,-1.0,0.0
v=2.0,0.0,160.0
v=1.0,1.0,160.0
v=1.0,2.0,160.0
v=-1.0,2.0,160.0
v=-1.0,1.0,160.0
v=-2.0,0.0,160.0
v=-1.0,-1.0,160.0
v=-1.0,-2.0,160.0
v=1.0,-2.0,160.0
v=1.0,-1.0,160.0
v=2.0,1.0,167.0
v=1.0,2.0,166.0
v=1.0,3.0,166.0
v=-1.0,3.0,166.0
v=-1.0,2.0,166.0
v=-2.0,1.0,167.0
v=-1.0,0.0,167.0
v=-1.0,0.0,167.0
v=1.0,0.0,167.0
v=1.0,0.0,167.0
v=2.0,4.0,173.0
v=1.0,5.0,172.0
v=1.0,5.0,172.0
v=-1.0,5.0,172.0
v=-1.0,5.0,172.0
v=-2.0,4.0,173.0
v=-1.0,3.0,173.0
v=-1.0,3.0,173.0
v=1.0,3.0,173.0
v=1.0,3.0,173.0
v=2.0,8.0,178.0
v=1.0,9.0,178.0
v=1.0,9.0,178.0
v=-1.0,9.0,178.0
v=-1.0,9.0,178.0
v=-2.0,8.0,178.0
v=-1.0,7.0,179.0
v=-1.0,7.0,179.0
v=1.0,7.0,179.0
v=1.0,7.0,179.0
v=2.0,13.0,183.0
v=1.0,13.0,182.0
v=1.0,14.0,182.0
v=-1.0,14.0,182.0
v=-1.0,13.0,182.0
v=-2.0,13.0,183.0
v=-1.0,12.0,184.0
v=-1.0,12.0,184.0
v=1.0,12.0,184.0
v=1.0,12.0,184.0
v=2.0,18.0,187.0
v=1.0,19.0,186.0
v=1.0,19.0,185.0
v=-1.0,19.0,185.0
v=-1.0,19.0,186.0
v=-2.0,18.0,187.0
v=-1.0,18.0,188.0
v=-1.0,17.0,188.0
v=1.0,17.0,188.0
v=1.0,18.0,188.0
v=2.0,25.0,189.0
v=1.0,25.0,188.0
v=1.0,25.0,188.0
v=-1.0,25.0,188.0
v=-1.0,25.0,188.0
v=-2.0,25.0,189.0
v=-1.0,24.0,190.0
v=-1.0,24.0,191.0
v=1.0,24.0,191.0
v=1.0,24.0,190.0
v=2.0,31.0,190.0
v=1.0,31.0,189.0
v=1.0,32.0,189.0
v=-1.0,32.0,189.0
v=-1.0,31.0,189.0
v=-2.0,31.0,190.0
v=-1.0,31.0,191.0
v=-1.0,31.0,192.0
v=1.0,31.0,192.0
v=1.0,31.0,191.0
v=2.0,38.0,190.0
v=1.0,38.0,189.0
v=1.0,38.0,189.0
v=-1.0,38.0,189.0
v=-1.0,38.0,189.0
v=-2.0,38.0,190.0
v=-1.0,38.0,191.0
v=-1.0,38.0,192.0
v=1.0,38.0,192.0
v=1.0,38.0,191.0
v=-1.0,38.0,191.0
v=1.0,38.0,191.0
v=-1.0,38.0,189.0
v=1.0,38.0,189.0
v=-1.0,41.0,191.0
v=1.0,41.0,191.0
v=-1.0,41.0,189.0
v=1.0,41.0,189.0
v=-2.0,41.0,191.0
v=2.0,41.0,191.0
v=-2.0,41.0,187.0
v=2.0,41.0,187.0
v=-3.0,43.0,192.0
v=3.0,43.0,192.0
v=-3.0,43.0,187.0
v=3.0,43.0,187.0
v=-5.0,46.0,192.0
v=5.0,46.0,192.0
v=-5.0,46.0,187.0
v=5.0,46.0,187.0
v=-5.0,48.0,192.0
v=5.0,48.0,192.0
v=-5.0,48.0,187.0
v=5.0,48.0,187.0
v=-5.0,51.0,192.0
v=5.0,51.0,192.0
v=-5.0,51.0,187.0
v=5.0,51.0,187.0
v=-4.0,53.0,191.0
v=4.0,53.0,191.0
v=-4.0,53.0,187.0
v=4.0,53.0,187.0
v=-3.0,54.0,190.0
v=3.0,54.0,190.0
v=-3.0,54.0,187.0
v=3.0,54.0,187.0
v=-2.0,55.0,188.0
v=2.0,55.0,188.0
v=-2.0,55.0,187.0
v=2.0,55.0,187.0
f=[1]90,91,92,93,94,95,96,97,98,99
f=[5]9,8,7,6,5,4,3,2,1,0
f=[3]0,1,11,10
f=[4]1,2,12,11
f=[4]2,3,13,12
f=[4]3,4,14,13
f=[2]4,5,15,14
f=[2]5,6,16,15
f=[0]6,7,17,16
f=[0]7,8,18,17
f=[0]8,9,19,18
f=[3]9,0,10,19
f=[3]10,11,21,20
f=[4]11,12,22,21
f=[4]12,13,23,22
f=[4]13,14,24,23
f=[2]14,15,25,24
f=[2]15,16,26,25
f=[0]16,17,27,26
f=[0]17,18,28,27
f=[0]18,19,29,28
f=[3]19,10,20,29
f=[3]20,21,31,30
f=[4]21,22,32,31
f=[4]22,23,33,32
f=[4]23,24,34,33
f=[2]24,25,35,34
f=[2]25,26,36,35
f=[0]26,27,37,36
f=[0]27,28,38,37
f=[0]28,29,39,38
f=[3]29,20,30,39
f=[3]30,31,41,40
f=[4]31,32,42,41
f=[4]32,33,43,42
f=[4]33,34,44,43
f=[2]34,35,45,44
f=[2]35,36,46,45
f=[0]36,37,47,46
f=[0]37,38,48,47
f=[0]38,39,49,48
f=[3]39,30,40,49
f=[3]40,41,51,50
f=[4]41,42,52,51
f=[4]42,43,53,52
f=[4]43,44,54,53
f=[2]44,45,55,54
f=[2]45,46,56,55
f=[0]46,47,57,56
f=[0]47,48,58,57
f=[0]48,49,59,58
f=[3]49,40,50,59
f=[3]50,51,61,60
f=[4]51,52,62,61
f=[4]52,53,63,62
f=[4]53,54,64,63
f=[2]54,55,65,64
f=[2]55,56,66,65
f=[0]56,57,67,66
f=[0]57,58,68,67
f=[0]58,59,69,68
f=[3]59,50,60,69
f=[3]60,61,71,70
f=[4]61,62,72,71
f=[4]62,63,73,72
f=[4]63,64,74,73
f=[2]64,65,75,74
f=[2]65,66,76,75
f=[0]66,67,77,76
f=[0]67,68,78,77
f=[0]68,69,79,78
f=[3]69,60,70,79
f=[3]70,71,81,80
f=[4]71,72,82,81
f=[4]72,73,83,82
f=[4]73,74,84,83
f=[2]74,75,85,84
f=[2]75,76,86,85
f=[0]76,77,87,86
f=[0]77,78,88,87
f=[0]78,79,89,88
f=[3]79,70,80,89
f=[3]80,81,91,90
f=[4]81,82,92,91
f=[4]82,83,93,92
f=[4]83,84,94,93
f=[2]84,85,95,94
f=[2]85,86,96,95
f=[0]86,87,97,96
f=[0]87,88,98,97
f=[0]88,89,99,98
f=[3]89,80,90,99
f=[2]100,104,106,102
f=[5]100,102,103,101
f=[0]100,101,105,104
f=[4]102,106,107,103
f=[3]101,103,107,105
f=[2]104,108,110,106
f=[0]104,105,109,108
f=[4]106,110,111,107
f=[3]105,107,111,109
f=[2]108,112,114,110
f=[0]108,109,113,112
f=[4]110,114,115,111
f=[3]109,111,115,113
f=[2]112,116,118,114
f=[0]112,113,117,116
f=[4]114,118,119,115
f=[3]113,115,119,117
f=[2]116,120,122,118
f=[0]116,117,121,120
f=[4]118,122,123,119
f=[3]117,119,123,121
f=[2]120,124,126,122
f=[0]120,121,125,124
f=[4]122,126,127,123
f=[3]121,123,127,125
f=[2]124,128,130,126
f=[0]124,125,129,128
f=[4]126,130,131,127
f=[3]125,127,131,129
f=[2]128,132,134,130
f=[0]128,129,133,132
f=[4]130,134,135,131
f=[3]129,131,135,133
f=[2]132,136,138,134
f=[1]136,137,139,138
f=[0]132,133,137,136
f=[4]134,138,139,135
f=[3]133,135,139,137