NX=0
NY=0
DX=0
DY=0
X0=0.0
Y0=0.0
v=-5.0 -2.0 26.0 1
v=-2.0 -2.0 24.0 1
v=0.0 -2.0 24.0 1
v=2.0 -2.0 24.0 1
v=5.0 -2.0 26.0 1
v=-5.0 -1.0 26.0 1
v=-2.0 -1.0 24.0 1
v=0.0 -1.0 24.0 1
v=2.0 -1.0 24.0 1
v=5.0 -1.0 26.0 1
v=-5.0 0.0 26.0 1
v=-2.0 0.0 24.0 1
v=0.0 0.0 24.0 1
v=2.0 0.0 24.0 1
v=5.0 0.0 26.0 1
v=-5.0 1.0 26.0 1
v=-2.0 1.0 24.0 1
v=0.0 1.0 24.0 1
v=2.0 1.0 24.0 1
v=5.0 1.0 26.0 1
v=-5.0 2.0 26.0 1
v=-2.0 2.0 24.0 1
v=0.0 2.0 24.0 1
v=2.0 2.0 24.0 1
v=5.0 2.0 26.0 1
v=-5.0 -2.0 28.0 1
v=-3.0 -2.0 28.0 1
v=0.0 -2.0 28.0 1
v=3.0 -2.0 28.0 1
v=5.0 -2.0 28.0 1
v=-5.0 -1.0 28.0 1
v=5.0 -1.0 28.0 1
v=-5.0 0.0 28.0 1
v=5.0 0.0 28.0 1
v=-5.0 1.0 28.0 1
v=5.0 1.0 28.0 1
v=-5.0 2.0 28.0 1
v=-3.0 2.0 28.0 1
v=0.0 2.0 28.0 1
v=3.0 2.0 28.0 1
v=5.0 2.0 28.0 1
v=-4.0 -2.0 32.0 1
v=-2.0 -2.0 32.0 1
v=0.0 -2.0 32.0 1
v=2.0 -2.0 32.0 1
v=4.0 -2.0 32.0 1
v=-4.0 -1.0 32.0 1
v=4.0 -1.0 32.0 1
v=-4.0 0.0 32.0 1
v=4.0 0.0 32.0 1
v=-4.0 1.0 32.0 1
v=4.0 1.0 32.0 1
v=-4.0 2.0 32.0 1
v=-2.0 2.0 32.0 1
v=0.0 2.0 32.0 1
v=2.0 2.0 32.0 1
v=4.0 2.0 32.0 1
v=-6.0 -1.0 36.0 1
v=-3.0 -2.0 36.0 1
v=0.0 -2.0 36.0 1
v=3.0 -2.0 36.0 1
v=6.0 -1.0 36.0 1
v=-6.0 -1.0 36.0 1
v=6.0 -1.0 36.0 1
v=-6.0 0.0 36.0 1
v=6.0 0.0 36.0 1
v=-6.0 1.0 36.0 1
v=6.0 1.0 36.0 1
v=-6.0 1.0 36.0 1
v=-3.0 2.0 36.0 1
v=0.0 2.0 36.0 1
v=3.0 2.0 36.0 1
v=6.0 1.0 36.0 1
v=-6.0 -1.0 40.0 1
v=-3.0 -2.0 40.0 1
v=0.0 -2.0 40.0 1
v=3.0 -2.0 40.0 1
v=6.0 -1.0 40.0 1
v=-6.0 -1.0 40.0 1
v=6.0 -1.0 40.0 1
v=-6.0 0.0 40.0 1
v=6.0 0.0 40.0 1
v=-6.0 1.0 40.0 1
v=6.0 1.0 40.0 1
v=-6.0 1.0 40.0 1
v=-3.0 2.0 40.0 1
v=0.0 2.0 40.0 1
v=3.0 2.0 40.0 1
v=6.0 1.0 40.0 1
v=-2.0 -2.0 42.0 0
v=-1.0 -2.0 42.0 0
v=0.0 -2.0 42.0 0
v=1.0 -2.0 42.0 0
v=2.0 -2.0 42.0 0
v=-2.0 -1.0 42.0 0
v=2.0 -1.0 42.0 0
v=-2.0 0.0 42.0 0
v=2.0 0.0 42.0 0
v=-2.0 1.0 42.0 0
v=2.0 1.0 42.0 0
v=-2.0 2.0 42.0 0
v=-1.0 2.0 42.0 0
v=0.0 2.0 42.0 0
v=1.0 2.0 42.0 0
v=2.0 2.0 42.0 0
v=-2.0 -2.0 44.0 0
v=-1.0 -2.0 44.0 0
v=0.0 -3.0 44.0 0
v=1.0 -2.0 44.0 0
v=2.0 -2.0 44.0 0
v=-2.0 -1.0 44.0 0
v=2.0 -1.0 44.0 0
v=-3.0 0.0 44.0 0
v=3.0 0.0 44.0 0
v=-2.0 1.0 44.0 0
v=2.0 1.0 44.0 0
v=-2.0 2.0 44.0 0
v=-1.0 2.0 44.0 0
v=0.0 3.0 44.0 0
v=1.0 2.0 44.0 0
v=2.0 2.0 44.0 0
v=-2.0 -2.0 45.0 0
v=-1.0 -3.0 45.0 0
v=0.0 -3.0 45.0 0
v=1.0 -3.0 45.0 0
v=2.0 -2.0 45.0 0
v=-3.0 -1.0 45.0 0
v=3.0 -1.0 45.0 0
v=-3.0 0.0 45.0 0
v=3.0 0.0 45.0 0
v=-3.0 1.0 45.0 0
v=3.0 1.0 45.0 0
v=-2.0 2.0 45.0 0
v=-1.0 3.0 45.0 0
v=0.0 3.0 45.0 0
v=1.0 3.0 45.0 0
v=2.0 2.0 45.0 0
v=-2.0 -2.0 47.0 0
v=-1.0 -3.0 47.0 0
v=0.0 -3.0 47.0 0
v=1.0 -3.0 47.0 0
v=2.0 -2.0 47.0 0
v=-3.0 -1.0 47.0 0
v=3.0 -1.0 47.0 0
v=-3.0 0.0 47.0 0
v=3.0 0.0 47.0 0
v=-3.0 1.0 47.0 0
v=3.0 1.0 47.0 0
v=-2.0 2.0 47.0 0
v=-1.0 3.0 47.0 0
v=0.0 3.0 47.0 0
v=1.0 3.0 47.0 0
v=2.0 2.0 47.0 0
v=-2.0 -2.0 48.0 0
v=-1.0 -2.0 48.0 0
v=0.0 -2.0 48.0 0
v=1.0 -2.0 48.0 0
v=2.0 -2.0 48.0 0
v=-2.0 -1.0 48.0 0
v=-1.0 -1.0 48.0 0
v=0.0 -1.0 48.0 0
v=1.0 -1.0 48.0 0
v=2.0 -1.0 48.0 0
v=-2.0 0.0 48.0 0
v=-1.0 0.0 48.0 0
v=0.0 0.0 48.0 0
v=1.0 0.0 48.0 0
v=2.0 0.0 48.0 0
v=-2.0 1.0 48.0 0
v=-1.0 1.0 48.0 0
v=0.0 1.0 48.0 0
v=1.0 1.0 48.0 0
v=2.0 1.0 48.0 0
v=-2.0 2.0 48.0 0
v=-1.0 2.0 48.0 0
v=0.0 2.0 48.0 0
v=1.0 2.0 48.0 0
v=2.0 2.0 48.0 0
v=-2.0 -2.0 41.0 1
v=-1.0 -2.0 41.0 1
v=0.0 -2.0 41.0 1
v=1.0 -2.0 41.0 1
v=2.0 -2.0 41.0 1
v=-2.0 -1.0 41.0 1
v=2.0 -1.0 41.0 1
v=-2.0 0.0 41.0 1
v=2.0 0.0 41.0 1
v=-2.0 1.0 41.0 1
v=2.0 1.0 41.0 1
v=-2.0 2.0 41.0 1
v=-1.0 2.0 41.0 1
v=0.0 2.0 41.0 1
v=1.0 2.0 41.0 1
v=2.0 2.0 41.0 1
v=-3.0 -1.0 0.0 8
v=-1.0 -1.0 0.0 8
v=-1.0 1.0 0.0 8
v=-3.0 1.0 0.0 8
v=-3.0 -1.0 12.0 8
v=-1.0 -1.0 12.0 8
v=-1.0 1.0 12.0 8
v=-3.0 1.0 12.0 8
v=-3.0 1.0 2.0 8
v=-1.0 1.0 2.0 8
v=-3.0 5.0 0.0 8
v=-1.0 5.0 0.0 8
v=1.0 -1.0 0.0 9
v=3.0 -1.0 0.0 9
v=3.0 1.0 0.0 9
v=1.0 1.0 0.0 9
v=1.0 -1.0 12.0 9
v=3.0 -1.0 12.0 9
v=3.0 1.0 12.0 9
v=1.0 1.0 12.0 9
v=1.0 1.0 2.0 9
v=3.0 1.0 2.0 9
v=1.0 5.0 0.0 9
v=3.0 5.0 0.0 9
v=-8.0 -1.0 24.0 6
v=-6.0 -1.0 24.0 6
v=-6.0 1.0 24.0 6
v=-8.0 1.0 24.0 6
v=-8.0 -1.0 31.0 6
v=-6.0 -1.0 31.0 6
v=-6.0 1.0 31.0 6
v=-8.0 1.0 31.0 6
v=-8.0 -1.0 36.0 4
v=-6.0 -1.0 36.0 4
v=-6.0 1.0 36.0 4
v=-8.0 1.0 36.0 4
v=-8.0 -1.0 40.0 4
v=-6.0 -1.0 40.0 4
v=-6.0 1.0 40.0 4
v=-8.0 1.0 40.0 4
v=-8.0 -1.0 19.0 6
v=-6.0 -1.0 19.0 6
v=-6.0 1.0 19.0 6
v=-8.0 1.0 19.0 6
v=6.0 -1.0 24.0 7
v=8.0 -1.0 24.0 7
v=8.0 1.0 24.0 7
v=6.0 1.0 24.0 7
v=6.0 -1.0 31.0 7
v=8.0 -1.0 31.0 7
v=8.0 1.0 31.0 7
v=6.0 1.0 31.0 7
v=6.0 -1.0 36.0 5
v=8.0 -1.0 36.0 5
v=8.0 1.0 36.0 5
v=6.0 1.0 36.0 5
v=6.0 -1.0 40.0 5
v=8.0 -1.0 40.0 5
v=8.0 1.0 40.0 5
v=6.0 1.0 40.0 5
v=6.0 -1.0 19.0 7
v=8.0 -1.0 19.0 7
v=8.0 1.0 19.0 7
v=6.0 1.0 19.0 7
f=[2]89 105 110 94
f=[0]89 90 106 105
f=[2]105 121 126 110
f=[0]105 106 122 121
f=[2]121 137 142 126
f=[0]121 122 138 137
f=[2]137 153 158 142
f=[0]137 138 154 153
f=[1]153 154 159 158
f=[2]94 110 112 96
f=[2]110 126 128 112
f=[2]126 142 144 128
f=[2]142 158 163 144
f=[1]158 159 164 163
f=[2]96 112 114 98
f=[2]112 128 130 114
f=[2]128 144 146 130
f=[2]144 163 168 146
f=[1]163 164 169 168
f=[2]98 114 116 100
f=[4]100 116 117 101
f=[2]114 130 132 116
f=[4]116 132 133 117
f=[2]130 146 148 132
f=[4]132 148 149 133
f=[2]146 168 173 148
f=[4]148 173 174 149
f=[1]168 169 174 173
f=[0]90 91 107 106
f=[0]106 107 123 122
f=[0]122 123 139 138
f=[0]138 139 155 154
f=[1]154 155 160 159
f=[1]159 160 165 164
f=[1]164 165 170 169
f=[4]101 117 118 102
f=[4]117 133 134 118
f=[4]133 149 150 134
f=[4]149 174 175 150
f=[1]169 170 175 174
f=[0]91 92 108 107
f=[0]107 108 124 123
f=[0]123 124 140 139
f=[0]139 140 156 155
f=[1]155 156 161 160
f=[1]160 161 166 165
f=[1]165 166 171 170
f=[4]102 118 119 103
f=[4]118 134 135 119
f=[4]134 150 151 135
f=[4]150 175 176 151
f=[1]170 171 176 175
f=[3]93 95 111 109
f=[0]92 93 109 108
f=[3]109 111 127 125
f=[0]108 109 125 124
f=[3]125 127 143 141
f=[0]124 125 141 140
f=[3]141 143 162 157
f=[0]140 141 157 156
f=[1]156 157 162 161
f=[3]95 97 113 111
f=[3]111 113 129 127
f=[3]127 129 145 143
f=[3]143 145 167 162
f=[1]161 162 167 166
f=[3]97 99 115 113
f=[3]113 115 131 129
f=[3]129 131 147 145
f=[3]145 147 172 167
f=[1]166 167 172 171
f=[3]99 104 120 115
f=[4]103 119 120 104
f=[3]115 120 136 131
f=[4]119 135 136 120
f=[3]131 136 152 147
f=[4]135 151 152 136
f=[3]147 152 177 172
f=[4]151 176 177 152
f=[1]171 172 177 176
f=[5]0 5 6 1
f=[2]0 25 30 5
f=[0]0 1 26 25
f=[2]25 41 46 30
f=[0]25 26 42 41
f=[2]41 57 62 46
f=[0]41 42 58 57
f=[2]57 73 78 62
f=[0]57 58 74 73
f=[2]73 178 183 78
f=[0]73 74 179 178
f=[2]178 89 94 183
f=[0]178 179 90 89
f=[5]5 10 11 6
f=[2]5 30 32 10
f=[2]30 46 48 32
f=[2]46 62 64 48
f=[2]62 78 80 64
f=[2]78 183 185 80
f=[2]183 94 96 185
f=[5]10 15 16 11
f=[2]10 32 34 15
f=[2]32 48 50 34
f=[2]48 64 66 50
f=[2]64 80 82 66
f=[2]80 185 187 82
f=[2]185 96 98 187
f=[5]15 20 21 16
f=[2]15 34 36 20
f=[4]20 36 37 21
f=[2]34 50 52 36
f=[4]36 52 53 37
f=[2]50 66 68 52
f=[4]52 68 69 53
f=[2]66 82 84 68
f=[4]68 84 85 69
f=[2]82 187 189 84
f=[4]84 189 190 85
f=[2]187 98 100 189
f=[4]189 100 101 190
f=[5]1 6 7 2
f=[0]1 2 27 26
f=[0]26 27 43 42
f=[0]42 43 59 58
f=[0]58 59 75 74
f=[0]74 75 180 179
f=[0]179 180 91 90
f=[5]6 11 12 7
f=[5]11 16 17 12
f=[5]16 21 22 17
f=[4]21 37 38 22
f=[4]37 53 54 38
f=[4]53 69 70 54
f=[4]69 85 86 70
f=[4]85 190 191 86
f=[4]190 101 102 191
f=[5]2 7 8 3
f=[0]2 3 28 27
f=[0]27 28 44 43
f=[0]43 44 60 59
f=[0]59 60 76 75
f=[0]75 76 181 180
f=[0]180 181 92 91
f=[5]7 12 13 8
f=[5]12 17 18 13
f=[5]17 22 23 18
f=[4]22 38 39 23
f=[4]38 54 55 39
f=[4]54 70 71 55
f=[4]70 86 87 71
f=[4]86 191 192 87
f=[4]191 102 103 192
f=[5]3 8 9 4
f=[3]4 9 31 29
f=[0]3 4 29 28
f=[3]29 31 47 45
f=[0]28 29 45 44
f=[3]45 47 63 61
f=[0]44 45 61 60
f=[3]61 63 79 77
f=[0]60 61 77 76
f=[3]77 79 184 182
f=[0]76 77 182 181
f=[3]182 184 95 93
f=[0]181 182 93 92
f=[5]8 13 14 9
f=[3]9 14 33 31
f=[3]31 33 49 47
f=[3]47 49 65 63
f=[3]63 65 81 79
f=[3]79 81 186 184
f=[3]184 186 97 95
f=[5]13 18 19 14
f=[3]14 19 35 33
f=[3]33 35 51 49
f=[3]49 51 67 65
f=[3]65 67 83 81
f=[3]81 83 188 186
f=[3]186 188 99 97
f=[5]18 23 24 19
f=[3]19 24 40 35
f=[4]23 39 40 24
f=[3]35 40 56 51
f=[4]39 55 56 40
f=[3]51 56 72 67
f=[4]55 71 72 56
f=[3]67 72 88 83
f=[4]71 87 88 72
f=[3]83 88 193 188
f=[4]87 192 193 88
f=[3]188 193 104 99
f=[4]192 103 104 193
f=[4]194 197 196 195
f=[2]194 198 201 197
f=[4]197 201 200 196
f=[3]196 200 199 195
f=[0]195 199 198 194
f=[2]198 0 20 201
f=[4]201 20 21 200
f=[3]200 21 1 199
f=[0]199 1 0 198
f=[2]197 202 204
f=[3]196 205 203
f=[5]197 204 205 196
f=[1]202 203 205 204
f=[4]206 209 208 207
f=[2]206 210 213 209
f=[4]209 213 212 208
f=[3]208 212 211 207
f=[0]207 211 210 206
f=[2]210 3 23 213
f=[4]213 23 24 212
f=[3]212 24 4 211
f=[0]211 4 3 210
f=[2]209 214 216
f=[3]208 217 215
f=[5]209 216 217 208
f=[1]214 215 217 216
f=[2]218 222 225 221
f=[4]221 225 224 220
f=[3]220 224 223 219
f=[0]219 223 222 218
f=[2]222 226 229 225
f=[4]225 229 228 224
f=[3]224 228 227 223
f=[0]223 227 226 222
f=[1]230 231 232 233
f=[2]226 230 233 229
f=[4]229 233 232 228
f=[3]228 232 231 227
f=[0]227 231 230 226
f=[2]234 218 221 237
f=[4]237 221 220 236
f=[3]236 220 219 235
f=[0]235 219 218 234
f=[5]234 237 236 235
f=[5]238 241 240 239
f=[2]238 242 245 241
f=[4]241 245 244 240
f=[3]240 244 243 239
f=[0]239 243 242 238
f=[2]242 246 249 245
f=[4]245 249 248 244
f=[3]244 248 247 243
f=[0]243 247 246 242
f=[1]250 251 252 253
f=[2]246 250 253 249
f=[4]249 253 252 248
f=[3]248 252 251 247
f=[0]247 251 250 246
f=[3]254 238 241 257
f=[4]257 241 240 256
f=[3]256 240 239 255
f=[0]255 239 238 254
f=[5]254 257 256 255