NX=0
NY=0
DX=0
DY=0
X0=0.0
Y0=0.0
v=100.0 0.0 0.0
v=50.000000000000014 86.60254037844386 0.0
v=-49.99999999999998 86.60254037844388 0.0
v=-100.0 1.2246467991473532E-14 0.0
v=-50.00000000000004 -86.60254037844385 0.0
v=49.999999999999936 -86.6025403784439 0.0
v=100.0 0.0 44.44444444444444
v=50.000000000000014 86.60254037844386 44.44444444444444
v=-49.99999999999998 86.60254037844388 44.44444444444444
v=-100.0 1.2246467991473532E-14 44.44444444444444
v=-50.00000000000004 -86.60254037844385 44.44444444444444
v=49.999999999999936 -86.6025403784439 44.44444444444444
v=100.0 0.0 88.88888888888889
v=50.000000000000014 86.60254037844386 88.88888888888889
v=-49.99999999999998 86.60254037844388 88.88888888888889
v=-100.0 1.2246467991473532E-14 88.88888888888889
v=-50.00000000000004 -86.60254037844385 88.88888888888889
v=49.999999999999936 -86.6025403784439 88.88888888888889
v=100.0 0.0 133.33333333333331
v=50.000000000000014 86.60254037844386 133.33333333333331
v=-49.99999999999998 86.60254037844388 133.33333333333331
v=-100.0 1.2246467991473532E-14 133.33333333333331
v=-50.00000000000004 -86.60254037844385 133.33333333333331
v=49.999999999999936 -86.6025403784439 133.33333333333331
v=100.0 0.0 177.77777777777777
v=50.000000000000014 86.60254037844386 177.77777777777777
v=-49.99999999999998 86.60254037844388 177.77777777777777
v=-100.0 1.2246467991473532E-14 177.77777777777777
v=-50.00000000000004 -86.60254037844385 177.77777777777777
v=49.999999999999936 -86.6025403784439 177.77777777777777
v=100.0 0.0 222.22222222222223
v=50.000000000000014 86.60254037844386 222.22222222222223
v=-49.99999999999998 86.60254037844388 222.22222222222223
v=-100.0 1.2246467991473532E-14 222.22222222222223
v=-50.00000000000004 -86.60254037844385 222.22222222222223
v=49.999999999999936 -86.6025403784439 222.22222222222223
v=100.0 0.0 266.66666666666663
v=50.000000000000014 86.60254037844386 266.66666666666663
v=-49.99999999999998 86.60254037844388 266.66666666666663
v=-100.0 1.2246467991473532E-14 266.66666666666663
v=-50.00000000000004 -86.60254037844385 266.66666666666663
v=49.999999999999936 -86.6025403784439 266.66666666666663
v=100.0 0.0 311.1111111111111
v=50.000000000000014 86.60254037844386 311.1111111111111
v=-49.99999999999998 86.60254037844388 311.1111111111111
v=-100.0 1.2246467991473532E-14 311.1111111111111
v=-50.00000000000004 -86.60254037844385 311.1111111111111
v=49.999999999999936 -86.6025403784439 311.1111111111111
v=100.0 0.0 355.55555555555554
v=50.000000000000014 86.60254037844386 355.55555555555554
v=-49.99999999999998 86.60254037844388 355.55555555555554
v=-100.0 1.2246467991473532E-14 355.55555555555554
v=-50.00000000000004 -86.60254037844385 355.55555555555554
v=49.999999999999936 -86.6025403784439 355.55555555555554
v=100.0 0.0 400.0
v=50.000000000000014 86.60254037844386 400.0
v=-49.99999999999998 86.60254037844388 400.0
v=-100.0 1.2246467991473532E-14 400.0
v=-50.00000000000004 -86.60254037844385 400.0
v=49.999999999999936 -86.6025403784439 400.0
f=[3]0 1 7 6
f=[3]6 7 13 12
f=[3]12 13 19 18
f=[3]18 19 25 24
f=[3]24 25 31 30
f=[3]30 31 37 36
f=[3]36 37 43 42
f=[3]42 43 49 48
f=[3]48 49 55 54
f=[4]1 2 8 7
f=[4]7 8 14 13
f=[4]13 14 20 19
f=[4]19 20 26 25
f=[4]25 26 32 31
f=[4]31 32 38 37
f=[4]37 38 44 43
f=[4]43 44 50 49
f=[4]49 50 56 55
f=[2]2 3 9 8
f=[2]8 9 15 14
f=[2]14 15 21 20
f=[2]20 21 27 26
f=[2]26 27 33 32
f=[2]32 33 39 38
f=[2]38 39 45 44
f=[2]44 45 51 50
f=[2]50 51 57 56
f=[2]3 4 10 9
f=[2]9 10 16 15
f=[2]15 16 22 21
f=[2]21 22 28 27
f=[2]27 28 34 33
f=[2]33 34 40 39
f=[2]39 40 46 45
f=[2]45 46 52 51
f=[2]51 52 58 57
f=[0]4 5 11 10
f=[0]10 11 17 16
f=[0]16 17 23 22
f=[0]22 23 29 28
f=[0]28 29 35 34
f=[0]34 35 41 40
f=[0]40 41 47 46
f=[0]46 47 53 52
f=[0]52 53 59 58
f=[3]5 0 6 11
f=[3]11 6 12 17
f=[3]17 12 18 23
f=[3]23 18 24 29
f=[3]29 24 30 35
f=[3]35 30 36 41
f=[3]41 36 42 47
f=[3]47 42 48 53
f=[3]53 48 54 59
f=[1]54 55 56 57 58 59
f=[5]5 4 3 2 1 0